LIST Oct97-680.list LET_ma 17
H
A  0.18641  0.26341  0.32191  0.36539  0.44998  0.52866  0.65612  0.71422  0.88333  0.89407  0.80852  0.72904  0.63812  0.52052  0.40071  0.29452  0.23867 
I  0.00128 -0.03371 -0.03054 -0.01112  0.01001  0.09238  0.09562  0.11539  0.19903  0.12203  0.12716  0.15632 -0.00159 -0.00147  0.09673  0.09218  0.07412 
L  0.06483  0.06832  0.10898  0.15072  0.20624  0.32105  0.47170  0.48732  0.66363  0.65222  0.69292  0.71998  0.58918  0.51090  0.51929  0.40395  0.30187 
M  0.21861  0.20016  0.25200  0.28621  0.32729  0.43201  0.56129  0.51179  0.61997  0.72674  0.75556  0.73366  0.60724  0.49398  0.48084  0.29097  0.19283 
F -0.01761 -0.05013 -0.02060 -0.06301 -0.07750 -0.03913 -0.02855 -0.05028  0.04509  0.02768  0.02788  0.02583 -0.07848 -0.04420  0.03611  0.00361 -0.04059 
P  0.00672 -0.04400 -0.11919 -0.26231 -0.38804 -0.57630 -0.85174 -1.17195 -1.61081 -2.78961 -2.17745 -1.78379 -1.13802 -0.75396 -0.57703 -0.39135 -0.27418 
V -0.13125 -0.13526 -0.17117 -0.18215 -0.18885 -0.18988 -0.22801 -0.23041 -0.17296 -0.23566 -0.22838 -0.24071 -0.34608 -0.28242 -0.18411 -0.11767 -0.08796 
R  0.03057  0.01801  0.03245  0.08559  0.11528  0.15146  0.21622  0.32523  0.44524  0.46862  0.50091  0.54109  0.47343  0.41531  0.31629  0.28263  0.25689 
D  0.19666  0.20329  0.18571  0.18670  0.18241  0.13718  0.08424  0.00722 -0.35345 -0.33314 -0.48687 -0.51902 -0.38617 -0.31060 -0.27509 -0.18065 -0.11705 
E  0.24696  0.29648  0.33065  0.39286  0.45848  0.48439  0.53398  0.67094  0.75403  0.70068  0.40211  0.19097  0.25516  0.20903  0.13715  0.17949  0.21244 
K -0.06526 -0.08214 -0.07038 -0.04529 -0.03861 -0.04768 -0.00503  0.17138  0.31478  0.32651  0.38438  0.44595  0.51511  0.45539  0.33596  0.34572  0.35553 
N -0.04094 -0.03023 -0.05187 -0.09510 -0.15605 -0.22844 -0.28117 -0.37106 -0.58045 -0.35486 -0.28242 -0.19464 -0.10357 -0.10060 -0.11288 -0.12094 -0.11574 
C -0.30735 -0.35729 -0.41106 -0.44118 -0.47912 -0.46894 -0.47526 -0.50503 -0.54721 -0.44938 -0.43980 -0.42658 -0.45366 -0.44326 -0.37758 -0.38636 -0.48298 
Q  0.13247  0.17589  0.22897  0.29385  0.36347  0.39045  0.42852  0.50107  0.58698  0.62021  0.56607  0.42616  0.37023  0.28355  0.15876  0.15836  0.14392 
H -0.07241 -0.09344 -0.11791 -0.13927 -0.13780 -0.22487 -0.28589 -0.31133 -0.30981 -0.16360 -0.12512 -0.04849  0.03226  0.03381  0.04263  0.01988  0.07226 
S  0.09158  0.08800  0.07083  0.04231 -0.00564 -0.07247 -0.15781 -0.20557 -0.50539 -0.44103 -0.48322 -0.46496 -0.37384 -0.32099 -0.31742 -0.26919 -0.22143 
T  0.00955 -0.00027  0.01203 -0.01118 -0.04717 -0.12515 -0.20186 -0.26828 -0.49906 -0.54738 -0.53521 -0.56739 -0.51285 -0.46307 -0.42420 -0.34023 -0.29864 
W  0.03389 -0.04746 -0.09110 -0.04951 -0.03507  0.07726  0.12462  0.10080  0.12970 -0.00984 -0.08631 -0.12169 -0.17129 -0.19211 -0.18145 -0.28300 -0.31051 
Y -0.05664 -0.05945 -0.11109 -0.11577 -0.11096 -0.09443 -0.10476 -0.13912 -0.03202 -0.03293 -0.04273 -0.00353 -0.06567 -0.03411 -0.00124 -0.06253 -0.04292 
G -0.04923 -0.09105 -0.17652 -0.28231 -0.45052 -0.63697 -0.90918 -1.14065 -1.46350 -0.97747 -0.58288 -0.44382 -0.32243 -0.24979 -0.19710 -0.14722 -0.14086 
* -1.14770 -1.28463 -1.46738 -1.72624 -2.10009 -2.62890 -3.53318 -10.00000  0.00000 -10.00000 -3.31019 -2.14724 -1.51429 -1.10900 -0.82743 -0.61645 -0.45519 
E
A -0.08289 -0.14149 -0.22195 -0.28557 -0.32622 -0.39510 -0.39559 -0.42308 -0.47302 -0.39747 -0.33351 -0.31190 -0.30372 -0.33601 -0.29396 -0.30174 -0.24496 
I -0.23094 -0.30400 -0.35204 -0.33388 -0.15728  0.10728  0.52689  0.89340  1.12271  0.87393  0.41712  0.01295 -0.29950 -0.36292 -0.33367 -0.25627 -0.22063 
L -0.13613 -0.22979 -0.28167 -0.33877 -0.40934 -0.33402 -0.11357  0.11180  0.22938  0.19476 -0.07780 -0.34997 -0.49227 -0.51160 -0.46665 -0.43467 -0.37789 
M -0.27384 -0.33552 -0.33799 -0.37775 -0.33670 -0.21617 -0.06130  0.11887  0.15460  0.12004 -0.09820 -0.29943 -0.40588 -0.35799 -0.33006 -0.26844 -0.17629 
F -0.10835 -0.21139 -0.29992 -0.27725 -0.22436 -0.06479  0.25473  0.50827  0.69229  0.55292  0.26058  0.03888 -0.14371 -0.20451 -0.23964 -0.19673 -0.17321 
P  0.09031  0.13388  0.18870  0.25252  0.22579 -0.05625 -0.37186 -0.91880 -1.45148 -1.00341 -0.26161  0.05434  0.22077  0.27305  0.32121  0.29526  0.25252 
V -0.05766 -0.09739 -0.13224 -0.11512  0.06325  0.37382  0.76951  1.11514  1.28086  1.10361  0.64285  0.27193 -0.01509 -0.05225 -0.07087 -0.01583  0.01194 
R -0.05825 -0.06530 -0.06952 -0.02596 -0.01142 -0.02822 -0.07633 -0.07431 -0.17062 -0.29853 -0.33015 -0.34228 -0.35606 -0.30141 -0.24473 -0.15699 -0.13958 
D  0.02780  0.09569  0.15976  0.11073  0.07749 -0.05342 -0.43026 -0.87141 -1.09885 -0.56937 -0.11663  0.23467  0.38620  0.35998  0.31250  0.22216  0.17139 
E -0.06532 -0.09503 -0.11090 -0.12214 -0.20567 -0.34020 -0.52926 -0.58771 -0.56210 -0.55249 -0.43132 -0.22793 -0.15106 -0.10841 -0.05849 -0.03939 -0.04749 
K  0.19990  0.22329  0.27257  0.27523  0.21761  0.10719 -0.08172 -0.17489 -0.34534 -0.52833 -0.47549 -0.33086 -0.24776 -0.13362 -0.10119 -0.07117 -0.04385 
N  0.12988  0.20384  0.26582  0.29075  0.22964  0.13871 -0.18318 -0.64533 -0.84429 -0.38272 -0.00473  0.22589  0.37235  0.39205  0.32873  0.23397  0.16412 
C -0.16139 -0.10431 -0.20560 -0.25123 -0.20814 -0.13799  0.06012  0.32675  0.52352  0.57626  0.48854  0.33064  0.26042  0.16772  0.01063 -0.11972 -0.21030 
Q  0.00733  0.01297 -0.05352 -0.07799 -0.13680 -0.22019 -0.37620 -0.38879 -0.40928 -0.52993 -0.50977 -0.33473 -0.26356 -0.21951 -0.14113 -0.08893 -0.01146 
H -0.03672  0.08904  0.09835  0.08265  0.07348  0.09034  0.02920 -0.01883  0.04995  0.00867  0.06961  0.13553  0.10200  0.04632 -0.00853  0.02732 -0.01698 
S  0.14818  0.16753  0.18951  0.15686  0.10617 -0.00775 -0.20665 -0.30706 -0.26049 -0.09116  0.15337  0.30665  0.37234  0.37349  0.29670  0.27738  0.26366 
T  0.10925  0.08969  0.10724  0.12308  0.14452  0.20609  0.20647  0.32852  0.33481  0.27265  0.26492  0.23172  0.23455  0.28350  0.29360  0.29052  0.27367 
W -0.20441 -0.17677 -0.40475 -0.40489 -0.40079 -0.26610  0.07062  0.36990  0.46986  0.33219  0.20730  0.07753 -0.05718 -0.14759 -0.07857  0.03778  0.00173 
Y -0.04413 -0.05360 -0.07151 -0.08296 -0.07559 -0.00169  0.20550  0.50808  0.64912  0.50114  0.28330  0.03192 -0.05109 -0.09433 -0.11449 -0.05944 -0.03153 
G  0.13602  0.28186  0.44029  0.55202  0.60544  0.57173  0.37450 -0.25044 -0.74080 -0.41793  0.09065  0.37364  0.61059  0.59289  0.55011  0.44545  0.37942 
*  0.20136  0.14892  0.04060 -0.10848 -0.37620 -0.79211 -1.61837 -10.00000  0.00000 -7.54797 -2.12139 -1.27899 -0.87012 -0.62667 -0.48316 -0.40306 -0.37005 
C
A -0.10764 -0.13910 -0.14179 -0.14298 -0.19822 -0.23298 -0.35788 -0.39997 -0.54450 -0.60101 -0.55079 -0.48229 -0.39546 -0.26008 -0.17102 -0.06760 -0.05126 
I  0.14863  0.22269  0.24847  0.22133  0.09500 -0.15481 -0.48577 -0.84378 -1.17594 -0.83081 -0.42287 -0.14536  0.19278  0.23017  0.12835  0.08585  0.07963 
L  0.03432  0.09033  0.08660  0.08393  0.07542 -0.07273 -0.35371 -0.52820 -0.80251 -0.76219 -0.60009 -0.44956 -0.23631 -0.14989 -0.18294 -0.09144 -0.02935 
M -0.01549  0.03802 -0.00723 -0.01509 -0.07690 -0.24889 -0.47748 -0.55799 -0.69632 -0.78272 -0.65128 -0.49481 -0.30338 -0.22136 -0.22541 -0.08453 -0.05289 
F  0.08702  0.17999  0.20917  0.23123  0.21094  0.07663 -0.15819 -0.34056 -0.58521 -0.44664 -0.21125 -0.04880  0.16097  0.17072  0.12420  0.12537  0.14801 
P -0.06834 -0.05620 -0.03309  0.03535  0.15231  0.48949  0.88480  1.41489  1.97511  2.31050  1.52357  1.11255  0.65415  0.37668  0.21888  0.10287  0.04471 
V  0.14851  0.17794  0.22982  0.22765  0.11321 -0.11530 -0.41725 -0.74834 -0.97735 -0.73194 -0.30515  0.00370  0.29072  0.26622  0.20027  0.10936  0.06594 
R  0.01298  0.02843  0.01883 -0.05634 -0.09225 -0.11293 -0.13886 -0.24047 -0.29067 -0.23276 -0.24466 -0.27629 -0.20280 -0.18028 -0.12242 -0.14674 -0.13439 
D -0.19191 -0.24585 -0.27638 -0.24157 -0.21392 -0.08330  0.19502  0.48791  0.89295  0.61837  0.46449  0.24257  0.02906 -0.00856  0.00017 -0.00740 -0.02223 
E -0.17418 -0.19994 -0.22122 -0.27236 -0.28089 -0.22274 -0.16239 -0.26449 -0.36133 -0.31308 -0.09161 -0.01884 -0.12539 -0.11121 -0.07989 -0.13046 -0.15472 
K -0.08626 -0.08938 -0.13621 -0.15945 -0.12187 -0.03405  0.05893 -0.03460 -0.06025  0.03233 -0.05022 -0.19159 -0.30902 -0.32463 -0.23259 -0.26177 -0.28951 
N -0.05592 -0.11879 -0.14674 -0.12928 -0.03296  0.09170  0.35028  0.68912  0.95388  0.52976  0.23427  0.00115 -0.18533 -0.20337 -0.14357 -0.06504 -0.01805 
C  0.35695  0.35872  0.46495  0.51638  0.51777  0.46514  0.33629  0.16309  0.03805 -0.07671 -0.01196  0.10239  0.17563  0.23613  0.29733  0.39103  0.52201 
Q -0.12026 -0.16291 -0.16567 -0.20883 -0.23497 -0.20695 -0.14825 -0.21006 -0.28149 -0.24583 -0.20410 -0.17051 -0.16097 -0.10796 -0.04494 -0.07856 -0.11760 
H  0.08587  0.01708  0.03078  0.05937  0.06458  0.12316  0.21384  0.26638  0.21817  0.13033  0.05688 -0.05360 -0.09860 -0.06083 -0.03080 -0.03571 -0.05076 
S -0.18358 -0.19454 -0.19560 -0.14675 -0.06900  0.06642  0.26616  0.36643  0.57020  0.41361  0.27598  0.14912  0.03049 -0.01099  0.04522  0.02214 -0.00547 
T -0.08420 -0.06193 -0.08490 -0.07633 -0.06117 -0.04093  0.02129 -0.01745  0.15258  0.23460  0.23168  0.27942  0.23819  0.16525  0.12881  0.06751  0.04801 
W  0.10428  0.15604  0.32990  0.29511  0.28059  0.10483 -0.15730 -0.36082 -0.46882 -0.23360 -0.07406  0.04851  0.18084  0.25662  0.20320  0.20567  0.25181 
Y  0.07762  0.08628  0.14108  0.15247  0.14366  0.08059 -0.05736 -0.26502 -0.47722 -0.34964 -0.16776 -0.01884  0.08983  0.09183  0.07710  0.09274  0.05767 
G -0.05331 -0.12590 -0.17889 -0.18493 -0.10023  0.06159  0.39847  0.99227  1.49639  0.99708  0.39270  0.08204 -0.20243 -0.24516 -0.25200 -0.20717 -0.15987 
*  0.67446  0.79103  0.96977  1.20952  1.57694  2.09623  3.01841 10.00000  0.00000  9.53969  3.26685  2.19865  1.60338  1.20889  0.93580  0.73869  0.59934 
DC -1.173904 -1.855045 -0.136676
